1.476252555847167969e+00
1.201848268508911133e+00
1.153880119323730469e+00
1.445378422737121582e+00
1.401152372360229492e+00
1.029883980751037598e+00
1.045146703720092773e+00
9.823259115219116211e-01
9.048095941543579102e-01
1.074202895164489746e+00
9.869759082794189453e-01
1.022311687469482422e+00
6.250677704811096191e-01
1.000056743621826172e+00
7.993088960647583008e-01
7.587909698486328125e-01
1.316081523895263672e+00
5.768104791641235352e-01
1.213516116142272949e+00
6.314369440078735352e-01
6.058915257453918457e-01
4.908735752105712891e-01
4.542554318904876709e-01
6.241407394409179688e-01
7.520946264266967773e-01
5.904339551925659180e-01
4.478263854980468750e-01
4.272480607032775879e-01
1.704382598400115967e-01
8.069171309471130371e-01
4.455996453762054443e-01
2.414374113082885742e+00
3.330826282501220703e+00
6.533300876617431641e-01
4.943336844444274902e-01
6.070059537887573242e-01
7.451645135879516602e-01
3.819183409214019775e-01
3.720309138298034668e-01
4.574480056762695312e-01
2.140985965728759766e+00
3.866639435291290283e-01
1.536612212657928467e-01
4.729094207286834717e-01
8.454876542091369629e-01
6.626272201538085938e-01
5.938660353422164917e-02
7.252440452575683594e-01
5.399237871170043945e-01
9.621909856796264648e-01
2.516348063945770264e-01
9.488704800605773926e-01
6.466648578643798828e-01
1.072098135948181152e+00
1.864340901374816895e-01
6.447537541389465332e-01
6.228814125061035156e-01
4.763025641441345215e-01
9.556279331445693970e-02
3.840510249137878418e-01
2.102282047271728516e+00
1.152652651071548462e-01
1.174016356468200684e+00
1.752494096755981445e+00
6.902652233839035034e-02
2.839057147502899170e-01
5.941004678606987000e-02
5.301827192306518555e-01
2.466372400522232056e-02
2.855046689510345459e-01
2.034551054239273071e-01
7.770342826843261719e-01
1.213990896940231323e-01
3.073214590549468994e-01
5.526052713394165039e-01
1.846540331840515137e+00
1.368785977363586426e+00
8.310148864984512329e-02
1.085871756076812744e-01
5.886693000793457031e-01
6.377052068710327148e-01
2.321615964174270630e-01
7.232113182544708252e-02
7.445920705795288086e-01
4.077739268541336060e-02
7.164708375930786133e-01
1.111497879028320312e+00
5.338491201400756836e-01
6.568905711174011230e-01
1.715645343065261841e-01
4.543378353118896484e-01
4.212365448474884033e-01
3.761637210845947266e-01
7.948587536811828613e-01
7.247443497180938721e-02
1.239515662193298340e+00
8.515176773071289062e-01
5.512318015098571777e-01
8.533710241317749023e-01
1.343342959880828857e-01
7.102642536163330078e+00
2.294460982084274292e-01
7.410153746604919434e-01
7.048651576042175293e-02
6.713913083076477051e-01
7.500643283128738403e-02
1.860890164971351624e-02
3.845840990543365479e-01
3.304667025804519653e-02
4.952628016471862793e-01
6.750247627496719360e-02
5.777667760848999023e-01
6.020645499229431152e-01
2.983297035098075867e-02
7.023400068283081055e-01
1.428379863500595093e-01
3.215975314378738403e-02
6.718832254409790039e-01
4.363407567143440247e-02
3.216313123703002930e-01
1.881912201642990112e-01
2.961192652583122253e-02
8.579173684120178223e-01
1.415888667106628418e-01
1.327761650085449219e+00
1.301742345094680786e-01
4.699409306049346924e-01
1.763879805803298950e-01
7.753813266754150391e-02
5.578706264495849609e-01
5.670085549354553223e-01
5.244186893105506897e-02
7.581530809402465820e-01
3.292664885520935059e-02
3.843909129500389099e-02
3.619842231273651123e-01
2.140659093856811523e-02
3.876209259033203125e-01
2.401797324419021606e-01
5.390008687973022461e-01
1.359400153160095215e-01
4.417765140533447266e-01
4.073774218559265137e-01
2.545582652091979980e-01
4.095413386821746826e-01
2.477824091911315918e-01
6.030897423624992371e-02
1.698504984378814697e-01
6.088810041546821594e-02
1.257217168807983398e+00
1.517887040972709656e-02
6.416886113584041595e-03
3.030653476715087891e+00
4.657495915889739990e-01
3.587331995368003845e-02
7.688957452774047852e-01
6.993438303470611572e-02
1.002790853381156921e-01
4.354074597358703613e-01
4.532258808612823486e-01
4.717054963111877441e-02
2.035543322563171387e-02
1.444858741760253906e+01
1.559585630893707275e-01
4.089530557394027710e-02
1.258361339569091797e+00
2.729346513748168945e+00
2.982958853244781494e-01
2.199275940656661987e-01
3.727653995156288147e-02
9.919983334839344025e-03
3.444321155548095703e-01
2.459119446575641632e-02
1.285622024536132812e+01
4.326727986335754395e-01
1.691482588648796082e-02
2.575810439884662628e-02
6.254459619522094727e-01
1.323630809783935547e-01
1.121279746294021606e-01
2.925079502165317535e-02
1.602372825145721436e-01
1.213974580168724060e-01
2.330358512699604034e-02
1.071808487176895142e-02
4.778389036655426025e-01
8.201989531517028809e-01
6.295766215771436691e-03
6.382635235786437988e-01
6.130890548229217529e-02
2.204771995544433594e+00
2.281873300671577454e-02
1.214125975966453552e-01
2.385153248906135559e-02
4.771464169025421143e-01
1.270654678344726562e+00
8.345543146133422852e-01
3.917282819747924805e-02
1.249549537897109985e-01
7.261828184127807617e-01
2.624825015664100647e-02
1.281440630555152893e-02
3.272517025470733643e-01
1.155848987400531769e-02
8.824557811021804810e-02
1.852236874401569366e-02
5.989934206008911133e-01
9.349749982357025146e-02
2.417105250060558319e-02
3.910008072853088379e-01
8.090573549270629883e-02
4.746580719947814941e-01
2.802808955311775208e-02
5.026431754231452942e-02
9.076577425003051758e-02
4.169721901416778564e-02
2.418539673089981079e-02
2.667580544948577881e-01
1.373061090707778931e-01
4.523301124572753906e-02
3.748040199279785156e-01
1.523356046527624130e-02
1.097480487078428268e-02
1.305012702941894531e-01
1.901711709797382355e-02
2.035273611545562744e-02
1.136288978159427643e-02
3.759237751364707947e-02
8.086897432804107666e-03
2.919131517410278320e-01
4.809476733207702637e-01
6.935010105371475220e-02
1.181697845458984375e-01
3.828032910823822021e-01
1.366313081234693527e-02
5.957049131393432617e-01
1.258721947669982910e-01
4.232584834098815918e-01
2.478075213730335236e-02
5.843637585639953613e-01
1.848463535308837891e+00
4.278236925601959229e-01
7.809884101152420044e-02
7.285228930413722992e-03
8.836252093315124512e-01
2.896644547581672668e-02
8.355398476123809814e-02
1.543628424406051636e-02
2.513080835342407227e-02
3.835212904959917068e-03
3.695785999298095703e-01
2.713368833065032959e-01
9.272244758903980255e-03
1.089192461222410202e-02
3.255525231361389160e-01
6.924262642860412598e-02
2.061781644821166992e+00
3.045640289783477783e-01
7.055223941802978516e+00
2.339212410151958466e-02
1.228404231369495392e-02
2.047018051147460938e+00
1.583157032728195190e-01
2.522770881652832031e+00
2.303120344877243042e-01
1.272470206022262573e-01
8.570000529289245605e-03
6.349902153015136719e-01
5.741632357239723206e-02
9.176129475235939026e-03
7.962211966514587402e-03
5.971325635910034180e-01
7.491020858287811279e-02
2.653046883642673492e-02
3.402605280280113220e-02
1.297093927860260010e-02
3.091884311288595200e-03
1.335432291030883789e+00
4.517052173614501953e-01
6.600086688995361328e-01
4.476369172334671021e-02
1.716860532760620117e-01
8.642156608402729034e-03
5.203891396522521973e-01
2.372157722711563110e-01
1.610604487359523773e-02
3.646447556093335152e-03
8.393637835979461670e-03
4.854297339916229248e-01
1.028860732913017273e-01
2.809005789458751678e-02
4.837050288915634155e-02
9.124342352151870728e-03
1.500187627971172333e-02
1.613031839951872826e-03
9.551724195480346680e-01
2.234992682933807373e-01
1.202235464006662369e-02
7.605423927307128906e-01
7.734128832817077637e-01
1.726353354752063751e-02
1.465537399053573608e-02
7.627472281455993652e-02
1.604300290346145630e-01
1.455401256680488586e-02
5.058572627604007721e-03
2.289996445178985596e-01
4.738785326480865479e-02
8.104010671377182007e-02
1.254240889102220535e-02
1.309107899665832520e+00
4.355634003877639771e-02
8.600879460573196411e-03
7.447921205312013626e-03
9.505488872528076172e-01
1.246423572301864624e-01
1.261548697948455811e-02
2.735148649662733078e-03
3.281775116920471191e-01
1.670152693986892700e-02
1.566684097051620483e-01
5.951231345534324646e-03
1.530988141894340515e-02
4.152513109147548676e-03
2.012681812047958374e-01
1.189405284821987152e-02
4.859943091869354248e-01
4.536808133125305176e-01
7.262729406356811523e-01
3.564908355474472046e-02
6.775300949811935425e-03
4.002108871936798096e-01
1.912029832601547241e-02
4.561068490147590637e-03
1.771692633628845215e-01
1.295233666896820068e-01
5.546550750732421875e-01
1.206192523241043091e-01
5.870503373444080353e-03
4.469220340251922607e-01
7.923013716936111450e-02
3.170189261436462402e-02
1.083079818636178970e-02
6.041015498340129852e-03
3.722171299159526825e-03
4.867452979087829590e-01
1.006462812423706055e+00
8.252909407019615173e-03
8.678696118295192719e-03
2.250590324401855469e-01
1.468254327774047852e-01
3.910946249961853027e-01
1.040914468467235565e-02
6.732622161507606506e-03
3.241607844829559326e-01
2.702087163925170898e-02
4.791821911931037903e-02
3.876335918903350830e-03
7.386663928627967834e-03
2.866992354393005371e-01
1.583876460790634155e-01
1.616607606410980225e-02
8.676296100020408630e-03
6.133113987743854523e-03
1.416143612004816532e-03
1.730797812342643738e-03
8.055635262280702591e-04
1.533275353722274303e-04
3.929800732294097543e-05
2.807610326271969825e-05
