1.280780601501464844e+01
6.821252822875976562e+00
2.138391256332397461e+00
8.873216509819030762e-01
8.791804313659667969e-01
2.544633150100708008e+00
2.025584459304809570e+00
1.563604593276977539e+00
3.625043630599975586e+00
2.001772880554199219e+00
1.482384204864501953e+00
2.154549837112426758e+00
2.682021617889404297e+00
1.534785985946655273e+00
1.233620405197143555e+00
1.466977119445800781e+00
4.529126167297363281e+00
2.869818687438964844e+00
4.216919422149658203e+00
4.014195919036865234e+00
2.166030645370483398e+00
3.549103975296020508e+00
3.544440269470214844e+00
1.419913649559020996e+00
3.946050643920898438e+00
4.006343841552734375e+00
3.465838193893432617e+00
3.289415597915649414e+00
3.605210781097412109e+00
1.721516013145446777e+00
2.204347372055053711e+00
5.846334457397460938e+00
7.511425018310546875e-01
5.760804176330566406e+00
2.577915191650390625e+00
2.722405433654785156e+00
2.766997575759887695e+00
3.450706005096435547e+00
4.807623863220214844e+00
9.884892702102661133e-01
4.104112625122070312e+00
4.569548606872558594e+00
3.551707267761230469e+00
2.649239063262939453e+00
1.250923395156860352e+00
3.443521738052368164e+00
3.999386787414550781e+00
8.917885422706604004e-01
5.806272983551025391e+00
1.150129795074462891e+00
4.052457332611083984e+00
8.535264730453491211e-01
1.385171175003051758e+00
2.963373899459838867e+00
3.917116880416870117e+00
3.532824516296386719e+00
1.676340937614440918e+00
5.510151386260986328e+00
4.123445034027099609e+00
2.617977619171142578e+00
1.226296186447143555e+00
3.355115175247192383e+00
4.320880413055419922e+00
6.298458576202392578e+00
4.123001098632812500e+00
5.578797817230224609e+00
4.656531810760498047e+00
3.526439428329467773e+00
4.879501342773437500e+00
3.726858377456665039e+00
4.648238182067871094e+00
5.390551567077636719e+00
3.909624099731445312e+00
2.023207426071166992e+00
5.134872436523437500e+00
1.178736448287963867e+00
5.661230087280273438e+00
3.639895677566528320e+00
4.690338611602783203e+00
1.650404453277587891e+00
2.913187742233276367e+00
3.350900888442993164e+00
4.352937698364257812e+00
1.904594182968139648e+00
6.090384006500244141e+00
2.154207229614257812e+00
2.118321418762207031e+00
3.384548664093017578e+00
2.818842649459838867e+00
4.473678588867187500e+00
2.943043708801269531e+00
2.942173480987548828e+00
2.790746688842773438e+00
5.189180850982666016e+00
4.520143985748291016e+00
2.359843254089355469e+00
1.081183338165283203e+01
5.205632686614990234e+00
9.495564460754394531e+00
4.843293190002441406e+00
3.100225687026977539e+00
1.107955098152160645e+00
1.424081563949584961e+00
4.108587265014648438e+00
4.421285152435302734e+00
4.323090076446533203e+00
5.318245410919189453e+00
1.070860385894775391e+00
5.244562149047851562e+00
5.017604827880859375e+00
4.495182991027832031e+00
3.120765924453735352e+00
2.602866888046264648e+00
4.211883068084716797e+00
2.813414335250854492e+00
3.548485279083251953e+00
4.513015747070312500e+00
2.434794664382934570e+00
4.797371387481689453e+00
3.127342700958251953e+00
3.338211297988891602e+00
6.255401611328125000e+00
2.431218385696411133e+00
2.805008649826049805e+00
3.073557376861572266e+00
4.026111125946044922e+00
2.348733186721801758e+00
3.949608325958251953e+00
3.998910903930664062e+00
2.760269165039062500e+00
7.408461570739746094e+00
5.764860153198242188e+00
1.306697249412536621e+00
4.534443855285644531e+00
4.902994155883789062e+00
2.622782468795776367e+00
5.097264289855957031e+00
6.198344230651855469e+00
3.216714382171630859e+00
3.090883970260620117e+00
3.941550731658935547e+00
2.725995779037475586e+00
2.078329324722290039e+00
2.292068004608154297e+00
2.310956954956054688e+00
3.420447349548339844e+00
6.070068359375000000e+00
3.919137954711914062e+00
3.926125049591064453e+00
6.705652236938476562e+00
5.643431186676025391e+00
6.323279380798339844e+00
2.271553039550781250e+00
4.179924964904785156e+00
5.191333770751953125e+00
1.646030902862548828e+00
4.143999576568603516e+00
3.452403068542480469e+00
2.363784790039062500e+00
3.515325069427490234e+00
4.577984809875488281e+00
6.548774242401123047e+00
6.988456726074218750e+00
4.566575527191162109e+00
4.664732933044433594e+00
9.608076214790344238e-01
7.628607273101806641e+00
2.844113826751708984e+00
3.067882061004638672e+00
4.600896835327148438e+00
6.352888107299804688e+00
2.427438259124755859e+00
5.058957576751708984e+00
7.892052173614501953e+00
2.220545291900634766e+00
5.218005657196044922e+00
4.908753871917724609e+00
1.773420214653015137e+00
3.892034530639648438e+00
4.176193714141845703e+00
5.432121753692626953e+00
4.358820438385009766e+00
3.983174562454223633e+00
6.617192745208740234e+00
7.630287647247314453e+00
1.328686594963073730e+00
1.691529393196105957e+00
6.754704952239990234e+00
2.678615331649780273e+00
5.864588737487792969e+00
4.969048976898193359e+00
5.727437019348144531e+00
3.894521236419677734e+00
5.635503768920898438e+00
3.766049385070800781e+00
8.048434257507324219e+00
1.123546242713928223e+00
5.436241626739501953e+00
4.175670146942138672e+00
2.658895015716552734e+00
4.563279628753662109e+00
5.871634960174560547e+00
2.281651020050048828e+00
5.475438117980957031e+00
4.293991565704345703e+00
5.185726642608642578e+00
2.598895072937011719e+00
3.952135562896728516e+00
5.376091003417968750e+00
2.874864101409912109e+00
3.953612327575683594e+00
2.164493083953857422e+00
5.465058326721191406e+00
5.102571487426757812e+00
4.502524375915527344e+00
4.723299026489257812e+00
5.448797702789306641e+00
2.904307365417480469e+00
3.526175737380981445e+00
5.032604694366455078e+00
2.605396986007690430e+00
5.579180240631103516e+00
6.729692459106445312e+00
4.288957595825195312e+00
5.703571319580078125e+00
5.610290527343750000e+00
5.698257446289062500e+00
4.279616355895996094e+00
6.251764774322509766e+00
3.624889373779296875e+00
3.307318925857543945e+00
6.563323497772216797e+00
3.359904289245605469e+00
2.665310859680175781e+00
5.286642551422119141e+00
1.872695565223693848e+00
3.977363586425781250e+00
4.158118724822998047e+00
5.699666500091552734e+00
3.566085100173950195e+00
1.712879896163940430e+00
2.577116250991821289e+00
4.143345832824707031e+00
6.266602993011474609e+00
1.812112808227539062e+00
5.130738735198974609e+00
4.224551677703857422e+00
5.365308284759521484e+00
5.494606971740722656e+00
7.089888095855712891e+00
2.834918260574340820e+00
4.742121219635009766e+00
6.191509246826171875e+00
7.067284584045410156e+00
3.212322950363159180e+00
4.641605854034423828e+00
1.720332336425781250e+01
2.827587127685546875e+00
4.949576377868652344e+00
5.164975166320800781e+00
5.821819305419921875e+00
4.452918052673339844e+00
5.682139396667480469e+00
2.574546337127685547e+00
3.595794677734375000e+00
3.487132787704467773e+00
6.214676856994628906e+00
1.898396849632263184e+00
4.507382392883300781e+00
6.604846477508544922e+00
6.417361259460449219e+00
1.455283403396606445e+00
5.707401752471923828e+00
5.274923324584960938e+00
4.733489513397216797e+00
6.401502609252929688e+00
7.178096771240234375e+00
8.923286199569702148e-01
3.383509397506713867e+00
1.509808540344238281e+00
5.406112670898437500e+00
4.198051452636718750e+00
5.840047836303710938e+00
2.459068298339843750e+00
3.006061792373657227e+00
5.543213844299316406e+00
6.516862869262695312e+00
7.335186958312988281e+00
5.025834083557128906e+00
5.996360778808593750e+00
5.727556705474853516e+00
4.904845237731933594e+00
5.749811649322509766e+00
4.663825035095214844e+00
7.764680862426757812e+00
2.291000127792358398e+00
3.165572643280029297e+00
5.693874359130859375e+00
2.790527343750000000e+00
3.283274888992309570e+00
5.584309101104736328e+00
5.600681304931640625e+00
4.169528961181640625e+00
4.812354087829589844e+00
5.773308277130126953e+00
7.463203907012939453e+00
3.658568382263183594e+00
4.534544467926025391e+00
3.946641206741333008e+00
6.725112438201904297e+00
1.738028717041015625e+01
5.753340244293212891e+00
6.084047317504882812e+00
6.631349563598632812e+00
1.915491580963134766e+00
4.055405139923095703e+00
5.853702545166015625e+00
7.279707908630371094e+00
3.173166513442993164e+00
5.908352851867675781e+00
3.804732084274291992e+00
6.438217163085937500e+00
6.344172000885009766e+00
7.368052005767822266e+00
3.190001964569091797e+00
6.607358455657958984e+00
3.459028244018554688e+00
2.138502359390258789e+00
2.149399995803833008e+00
4.969724655151367188e+00
6.737161636352539062e+00
5.411760807037353516e+00
5.639647483825683594e+00
6.463712215423583984e+00
3.567608833312988281e+00
4.187207221984863281e+00
2.833799600601196289e+00
2.920650482177734375e+00
6.874630928039550781e+00
2.770667552947998047e+00
4.753481388092041016e+00
6.305799961090087891e+00
6.395377159118652344e+00
6.464614868164062500e+00
7.327684879302978516e+00
2.964008331298828125e+00
5.879897117614746094e+00
6.451926231384277344e+00
6.088032245635986328e+00
2.642138957977294922e+00
3.500863790512084961e+00
4.073403835296630859e+00
6.296233177185058594e+00
7.562675476074218750e+00
2.540716171264648438e+00
5.214232444763183594e+00
4.627745628356933594e+00
6.655467987060546875e+00
6.915622711181640625e+00
2.477953910827636719e+00
1.430523991584777832e+00
6.212821483612060547e+00
6.633364200592041016e+00
6.295766830444335938e+00
8.406505584716796875e+00
8.044628143310546875e+00
7.794057846069335938e+00
1.089609527587890625e+01
1.217740249633789062e+01
1.290905380249023438e+01
