4.823499321937561035e-01
5.839534997940063477e-01
4.650819897651672363e-01
2.160458266735076904e-01
1.223002597689628601e-01
4.837790429592132568e-01
4.283471703529357910e-01
3.163747191429138184e-01
4.657721519470214844e-01
4.384408593177795410e-01
3.227552473545074463e-01
4.107729494571685791e-01
2.867360711097717285e-01
2.344411313533782959e-01
1.790036112070083618e-01
1.378633379936218262e-01
6.560369729995727539e-01
2.527613937854766846e-01
6.365674734115600586e-01
3.742774426937103271e-01
2.903252243995666504e-01
2.921333014965057373e-01
2.796158194541931152e-01
1.227930188179016113e-01
4.147322475910186768e-01
3.507089614868164062e-01
2.064665257930755615e-01
1.977824270725250244e-01
8.116935193538665771e-02
3.681950643658638000e-02
1.433735936880111694e-01
8.549599647521972656e-01
5.601726938039064407e-03
4.022383093833923340e-01
9.540821611881256104e-02
2.493512928485870361e-01
2.650803327560424805e-01
2.620616853237152100e-01
2.497223019599914551e-01
1.004724297672510147e-02
8.186023831367492676e-01
2.773530483245849609e-01
6.613592058420181274e-02
1.969766467809677124e-01
3.523628041148185730e-02
3.988191187381744385e-01
3.460649773478507996e-02
1.662437990307807922e-02
3.672686219215393066e-01
2.010477334260940552e-01
1.252168118953704834e-01
1.841637790203094482e-01
3.440674394369125366e-02
7.743776775896549225e-03
7.515795528888702393e-02
3.514601886272430420e-01
3.916490823030471802e-02
3.091019988059997559e-01
6.386895477771759033e-02
6.765103340148925781e-02
1.512066274881362915e-02
3.774975240230560303e-02
6.112499237060546875e-01
7.727254629135131836e-01
2.793788909912109375e-02
2.091193199157714844e-01
4.849909245967864990e-02
2.714418172836303711e-01
8.139643818140029907e-03
9.148528799414634705e-03
1.591183841228485107e-01
4.704487919807434082e-01
6.740076933056116104e-03
3.377121686935424805e-02
3.797169327735900879e-01
1.668097078800201416e-01
6.861897706985473633e-01
6.633789837360382080e-02
2.083210088312625885e-02
6.543600559234619141e-02
3.979200124740600586e-01
1.376256644725799561e-01
3.624894469976425171e-02
1.377427875995635986e-01
2.968672197312116623e-03
1.471942067146301270e-01
1.257734894752502441e-01
2.997916340827941895e-01
3.722143471240997314e-01
1.294423937797546387e-01
1.032515168190002441e-01
2.248409092426300049e-01
3.109489940106868744e-02
4.566432833671569824e-01
4.808880016207695007e-02
5.579668562859296799e-03
5.028883814811706543e-01
3.823877274990081787e-01
5.175168514251708984e-01
9.556794911623001099e-02
1.272684312425553799e-04
3.597427904605865479e-02
2.191613316535949707e-01
4.736233502626419067e-02
4.204422235488891602e-01
1.375566981732845306e-02
6.481208372861146927e-03
1.391969621181488037e-02
1.222550310194492340e-02
3.385265171527862549e-01
4.049449414014816284e-02
3.403837680816650391e-01
7.823233306407928467e-02
1.917881146073341370e-02
3.354179561138153076e-01
6.107599288225173950e-02
1.025119423866271973e-02
2.545623295009136200e-02
3.307668119668960571e-02
1.760586798191070557e-01
1.301900446414947510e-01
3.020732197910547256e-03
3.996648788452148438e-01
4.617219045758247375e-02
6.459643840789794922e-01
9.607543051242828369e-02
2.050235271453857422e-01
1.268076598644256592e-01
5.605520680546760559e-02
3.131543099880218506e-01
3.890969753265380859e-01
4.142501205205917358e-02
7.051849365234375000e-02
2.128939703106880188e-02
1.865620911121368408e-02
9.855160862207412720e-02
1.060709543526172638e-02
2.866528034210205078e-01
1.361603587865829468e-01
2.657744884490966797e-01
2.050126530230045319e-02
2.084126621484756470e-01
1.660160720348358154e-01
1.018870621919631958e-01
1.499074995517730713e-01
1.497743725776672363e-01
4.956974834203720093e-02
1.215437054634094238e-01
4.671565815806388855e-02
6.660532951354980469e-01
6.984218955039978027e-03
4.354541189968585968e-03
1.122335786931216717e-03
3.228613734245300293e-01
2.408765628933906555e-02
3.009555339813232422e-01
3.343357145786285400e-02
5.828725174069404602e-02
1.053930073976516724e-01
2.487110346555709839e-01
3.735110908746719360e-02
1.339665148407220840e-02
2.422245515276699734e-08
1.006335467100143433e-01
1.916759088635444641e-02
9.499464184045791626e-02
8.913023471832275391e-01
1.166888177394866943e-01
8.738420158624649048e-02
2.518858760595321655e-02
2.988009247928857803e-03
1.238971650600433350e-01
1.975458115339279175e-02
3.476937422419723589e-07
1.174284517765045166e-01
1.117417030036449432e-02
1.232386752963066101e-02
3.512437269091606140e-02
3.810435160994529724e-02
5.529676377773284912e-02
1.531833969056606293e-02
1.138016805052757263e-01
6.883735954761505127e-02
1.978045888245105743e-02
3.853069501928985119e-04
3.037228994071483612e-02
1.030015759170055389e-03
2.509899437427520752e-03
4.006747901439666748e-01
5.859227385371923447e-03
8.478171825408935547e-01
9.601537138223648071e-03
8.859649300575256348e-02
1.644554920494556427e-02
2.315220832824707031e-01
6.631974577903747559e-01
3.798233568668365479e-01
2.788946405053138733e-02
2.818611264228820801e-02
4.464595913887023926e-01
1.621700264513492584e-02
7.044704630970954895e-03
5.070419982075691223e-03
6.817167624831199646e-03
1.308452710509300232e-02
9.342834353446960449e-03
1.912632733583450317e-01
5.205478891730308533e-02
2.194986119866371155e-02
2.215918600559234619e-01
5.760291591286659241e-03
1.043145358562469482e-01
6.564080249518156052e-03
3.657666593790054321e-02
4.297234863042831421e-02
3.113731369376182556e-02
7.418698631227016449e-03
2.516315318644046783e-02
5.237952247262001038e-02
1.052748877555131912e-02
8.599337935447692871e-02
9.903814643621444702e-03
9.773533791303634644e-03
2.964244782924652100e-02
8.450150489807128906e-03
1.644144579768180847e-02
8.292414247989654541e-03
1.685407385230064392e-02
3.681126050651073456e-03
1.359125226736068726e-01
1.338611245155334473e-01
5.397097021341323853e-02
3.259488940238952637e-02
2.443963885307312012e-01
9.961663745343685150e-03
7.596470415592193604e-02
8.756405115127563477e-02
2.386697530746459961e-01
2.118141949176788330e-02
1.904432475566864014e-02
3.492830437608063221e-04
2.136034816503524780e-01
4.859172180294990540e-02
4.618242848664522171e-03
2.351748943328857422e-01
1.519525051116943359e-02
3.336761519312858582e-02
1.128358393907546997e-02
4.558464512228965759e-03
1.567238708958029747e-03
5.650497600436210632e-02
1.919922530651092529e-01
2.469718456268310547e-03
1.001878455281257629e-02
2.082847207784652710e-01
4.512168467044830322e-02
8.258475065231323242e-01
2.254993617534637451e-01
1.927142875501886010e-05
1.117005012929439545e-02
8.794348686933517456e-03
7.943754196166992188e-01
1.257671117782592773e-01
3.289415035396814346e-03
1.113047897815704346e-01
4.618638753890991211e-02
5.277017131447792053e-03
2.689787745475769043e-01
6.491695065051317215e-03
2.034682314842939377e-03
4.579202271997928619e-03
1.493997965008020401e-02
5.965851247310638428e-02
2.293521910905838013e-02
1.732529327273368835e-02
1.829174812883138657e-03
1.525137107819318771e-03
2.820078134536743164e-01
3.636731579899787903e-02
2.124904692173004150e-01
2.256423048675060272e-02
1.317894458770751953e-01
4.940625280141830444e-03
9.134598076343536377e-02
4.938924312591552734e-02
1.248650904744863510e-02
2.162670018151402473e-03
6.617378094233572483e-04
3.304045498371124268e-01
8.127443492412567139e-02
2.649980410933494568e-02
1.154045946896076202e-02
4.920693114399909973e-03
1.080664806067943573e-03
1.139672356657683849e-03
7.357807457447052002e-02
3.228565305471420288e-02
7.076395675539970398e-03
4.102013111114501953e-01
3.304627835750579834e-01
1.099690422415733337e-02
4.203099757432937622e-03
5.866796150803565979e-02
2.068811282515525818e-02
2.989727538079023361e-03
3.626142162829637527e-03
1.648532748222351074e-01
1.672817021608352661e-02
2.367085218429565430e-02
3.005622420459985733e-03
6.668506860733032227e-01
3.764584660530090332e-02
4.515091888606548309e-03
4.095304757356643677e-03
6.559801287949085236e-03
6.763684749603271484e-02
4.788305610418319702e-03
1.101018860936164856e-03
1.688587069511413574e-01
5.694085732102394104e-03
6.879143416881561279e-02
2.716549905017018318e-03
1.237630471587181091e-02
2.189746126532554626e-03
1.128863021731376648e-01
1.029613986611366272e-02
2.666353061795234680e-02
2.878805855289101601e-03
1.547220051288604736e-01
1.407509669661521912e-02
1.822572085075080395e-03
2.860358953475952148e-01
9.138206951320171356e-03
2.644753083586692810e-03
7.164996117353439331e-02
1.118234544992446899e-02
3.481953740119934082e-01
7.012547552585601807e-02
1.968498807400465012e-03
1.029944121837615967e-01
4.793976992368698120e-02
1.251926762051880360e-03
6.626385264098644257e-03
9.799107210710644722e-04
4.651864874176681042e-04
2.707760930061340332e-01
5.626187324523925781e-01
5.669123958796262741e-03
3.177981358021497726e-03
4.163649678230285645e-02
3.597953543066978455e-02
1.148182433098554611e-03
5.051045212894678116e-03
1.489973277784883976e-03
1.844591498374938965e-01
1.841199584305286407e-02
2.376439236104488373e-02
1.555649796500802040e-03
5.903476849198341370e-03
6.059119105339050293e-02
7.167704403400421143e-03
2.476730151101946831e-03
7.815103977918624878e-03
5.836525000631809235e-03
1.300897216424345970e-03
1.661498099565505981e-03
8.012638427317142487e-04
1.352737890556454659e-04
3.850152643281035125e-05
2.235595093225128949e-05
