3.286335777374915779e-05
4.337255842983722687e-03
1.631699502468109131e-01
4.749646484851837158e-01
5.072276592254638672e-01
1.043406203389167786e-01
1.616991013288497925e-01
2.318206727504730225e-01
3.770351037383079529e-02
1.550981998443603516e-01
2.788438796997070312e-01
1.360960304737091064e-01
8.539696782827377319e-02
2.425148040056228638e-01
3.452458679676055908e-01
2.683047652244567871e-01
1.531877554953098297e-02
7.763320207595825195e-02
2.109427005052566528e-02
2.869435213506221771e-02
1.498799771070480347e-01
3.774005547165870667e-02
4.115092009305953979e-02
3.002625703811645508e-01
3.020768053829669952e-02
2.349549159407615662e-02
5.096388608217239380e-02
5.298028141260147095e-02
4.069680720567703247e-02
2.299519479274749756e-01
1.429102718830108643e-01
4.879449028521776199e-03
5.219141840934753418e-01
4.270234145224094391e-03
1.029783561825752258e-01
8.323720097541809082e-02
8.381840586662292480e-02
4.237400740385055542e-02
1.000801846385002136e-02
4.098351597785949707e-01
3.056755289435386658e-02
1.351143792271614075e-02
4.010925069451332092e-02
9.021341800689697266e-02
3.439905643463134766e-01
4.037728160619735718e-02
2.736054919660091400e-02
4.642903208732604980e-01
3.932990133762359619e-03
3.556954860687255859e-01
2.830726280808448792e-02
4.927220940589904785e-01
2.928403615951538086e-01
8.038349449634552002e-02
2.918415144085884094e-02
3.924058005213737488e-02
2.343216836452484131e-01
5.254737101495265961e-03
2.124163508415222168e-02
9.998722374439239502e-02
3.753168582916259766e-01
5.188379436731338501e-02
1.870133168995380402e-02
2.488286001607775688e-03
2.189175784587860107e-02
5.070284940302371979e-03
1.344496943056583405e-02
4.220682755112648010e-02
1.147381681948900223e-02
4.095082357525825500e-02
1.252535544335842133e-02
6.630496587604284286e-03
3.209266066551208496e-02
1.674642860889434814e-01
8.744735270738601685e-03
3.784862160682678223e-01
5.028848536312580109e-03
3.461397066712379456e-02
1.903041452169418335e-02
2.271162718534469604e-01
7.164083421230316162e-02
5.318123847246170044e-02
2.107615955173969269e-02
1.741342544555664062e-01
3.489773720502853394e-03
1.533115506172180176e-01
1.524782478809356689e-01
4.206632822751998901e-02
7.093153893947601318e-02
1.457684300839900970e-02
6.849920749664306641e-02
7.453988492488861084e-02
8.589819073677062988e-02
8.965138345956802368e-03
1.453845389187335968e-02
1.393334418535232544e-01
3.763576387427747250e-05
6.440893746912479401e-03
1.033260195981711149e-04
1.065140776336193085e-02
6.557541340589523315e-02
4.160783886909484863e-01
2.727775573730468750e-01
2.253509499132633209e-02
1.717235893011093140e-02
2.242168039083480835e-02
8.048919960856437683e-03
3.901827037334442139e-01
8.687186986207962036e-03
8.707360364496707916e-03
1.711826771497726440e-02
5.971544235944747925e-02
1.167979985475540161e-01
2.279293909668922424e-02
7.222091406583786011e-02
4.393179342150688171e-02
1.483240444213151932e-02
1.175765618681907654e-01
1.391636673361063004e-02
5.737712979316711426e-02
4.874956607818603516e-02
3.227703040465712547e-03
1.223024949431419373e-01
9.040936827659606934e-02
6.126181781291961670e-02
2.520471252501010895e-02
1.181521788239479065e-01
2.829665504395961761e-02
2.443061396479606628e-02
7.660138607025146484e-02
8.231858955696225166e-04
6.164205726236104965e-03
3.295951783657073975e-01
1.732303202152252197e-02
1.203722413629293442e-02
9.642976522445678711e-02
1.107941940426826477e-02
2.742417156696319580e-03
5.398964136838912964e-02
6.220910698175430298e-02
2.978986874222755432e-02
8.313752710819244385e-02
1.767581105232238770e-01
1.241964995861053467e-01
1.261007636785507202e-01
4.723131656646728516e-02
3.130400087684392929e-03
2.568353712558746338e-02
2.975582703948020935e-02
1.689306693151593208e-03
5.910336039960384369e-03
2.771513536572456360e-03
1.528226435184478760e-01
2.142105251550674438e-02
8.019751869142055511e-03
2.266852557659149170e-01
2.846135757863521576e-02
4.154223203659057617e-02
1.176985204219818115e-01
3.690051287412643433e-02
1.402184739708900452e-02
3.537929151207208633e-03
2.992788795381784439e-03
1.481624133884906769e-02
1.419342122972011566e-02
4.400140643119812012e-01
1.118696993216872215e-03
8.053059130907058716e-02
7.336638867855072021e-02
1.397172454744577408e-02
3.551160451024770737e-03
1.275676041841506958e-01
1.043419260531663895e-02
7.707825861871242523e-04
1.595660001039505005e-01
7.810662966221570969e-03
1.196196023374795914e-02
2.267162203788757324e-01
3.032708168029785156e-02
2.477342635393142700e-02
1.076654065400362015e-02
2.083092555403709412e-02
2.939925529062747955e-02
2.882146509364247322e-03
7.183216512203216553e-04
3.515004217624664307e-01
2.683559954166412354e-01
2.459133043885231018e-03
9.002452343702316284e-02
4.271560814231634140e-03
1.034242287278175354e-02
5.196650046855211258e-03
2.634126320481300354e-02
5.384324118494987488e-03
3.670833632349967957e-02
5.385394906625151634e-04
3.643188476562500000e-01
8.847814053297042847e-03
2.576958574354648590e-02
8.809584379196166992e-02
1.487107947468757629e-02
5.322339944541454315e-03
1.628116816282272339e-01
6.550109013915061951e-03
2.195558138191699982e-02
8.425984531641006470e-03
9.772232174873352051e-02
3.276000544428825378e-02
6.750977132469415665e-03
7.498560100793838501e-02
3.284025937318801880e-02
1.562714278697967529e-01
1.040032599121332169e-02
1.053190603852272034e-02
1.608389243483543396e-02
1.380340568721294403e-02
7.470523007214069366e-03
8.062840253114700317e-02
4.751686006784439087e-02
1.369079295545816422e-02
1.105574518442153931e-01
6.654847413301467896e-03
1.808080356568098068e-03
2.274268493056297302e-02
5.974492058157920837e-03
6.492807995527982712e-03
5.616172216832637787e-03
1.896815747022628784e-02
3.231196664273738861e-03
3.711214661598205566e-02
6.490989029407501221e-02
1.984862145036458969e-03
5.157626420259475708e-02
8.628484606742858887e-02
8.568562567234039307e-03
1.902016848325729370e-01
2.929636836051940918e-02
2.389281988143920898e-02
6.853335071355104446e-03
4.755710065364837646e-02
2.673500180244445801e-01
1.113552898168563843e-01
2.516253665089607239e-02
3.992989659309387207e-03
2.060416787862777710e-01
1.129134371876716614e-02
2.653745561838150024e-02
8.301168680191040039e-03
7.688341662287712097e-03
1.302581746131181717e-03
8.957791328430175781e-02
1.284216623753309250e-02
3.940097987651824951e-03
1.201134058646857738e-03
5.450739711523056030e-02
1.828341558575630188e-02
4.877594861341094656e-08
7.563559710979461670e-02
2.414280921220779419e-02
8.728623390197753906e-03
4.945655353367328644e-03
2.245935425162315369e-02
5.021187476813793182e-03
1.335306465625762939e-01
4.110597074031829834e-02
4.387488961219787598e-02
4.275094252079725266e-03
1.866800189018249512e-01
1.830710284411907196e-02
2.253839513286948204e-03
2.824725117534399033e-03
3.155539035797119141e-01
5.571171175688505173e-03
7.275910116732120514e-03
1.619711890816688538e-02
3.479147562757134438e-03
1.381226233206689358e-03
4.567781388759613037e-01
6.177725642919540405e-02
2.753860354423522949e-01
8.808327838778495789e-03
2.303013950586318970e-02
4.924824461340904236e-03
1.181719154119491577e-01
8.017011731863021851e-02
6.458700634539127350e-03
2.176399342715740204e-03
1.320759532973170280e-03
9.921460412442684174e-03
4.435828421264886856e-03
5.523326806724071503e-03
2.230147831141948700e-02
4.791407845914363861e-03
1.953429542481899261e-02
7.291251095011830330e-04
1.702735126018524170e-01
8.136267960071563721e-02
6.087510380893945694e-03
8.407747745513916016e-02
5.283553898334503174e-02
7.830672897398471832e-03
6.849550642073154449e-03
3.097049891948699951e-02
1.428552530705928802e-02
6.718175951391458511e-03
1.474662683904170990e-03
3.494748473167419434e-02
1.940556243062019348e-02
3.777048736810684204e-02
3.220147453248500824e-03
5.547435932840016903e-08
5.922112613916397095e-03
3.606582526117563248e-03
3.082898212596774101e-03
2.208245694637298584e-01
3.107282891869544983e-02
5.904511548578739166e-03
1.225570682436227798e-03
6.336060166358947754e-02
4.980652593076229095e-03
4.092613980174064636e-02
2.777000423520803452e-03
3.624775446951389313e-03
1.576246926560997963e-03
6.055466085672378540e-02
2.623925451189279556e-03
5.592329055070877075e-02
1.903750151395797729e-01
1.688807606697082520e-01
1.204397343099117279e-02
2.212609630078077316e-03
7.105563767254352570e-03
8.222684264183044434e-03
2.451035892590880394e-03
4.417723417282104492e-02
2.906303852796554565e-02
7.723483443260192871e-02
8.627757430076599121e-02
2.129658125340938568e-03
8.839438110589981079e-02
1.395175792276859283e-02
3.017037641257047653e-03
3.164056688547134399e-03
2.868642564862966537e-03
1.456030411645770073e-03
7.256365567445755005e-02
5.091562867164611816e-03
3.133464604616165161e-03
4.510660655796527863e-03
1.220155507326126099e-01
5.501740798354148865e-02
3.170693665742874146e-02
4.243685863912105560e-03
9.441009024158120155e-04
1.090790405869483948e-01
1.132879499346017838e-02
1.640834659337997437e-02
2.250178018584847450e-03
2.068262081593275070e-03
1.283431202173233032e-01
3.463296294212341309e-01
3.037120914086699486e-03
2.991886343806982040e-03
3.787204856052994728e-03
7.356171845458447933e-04
1.459758728742599487e-03
5.982394213788211346e-04
1.219165569636970758e-04
3.749734605662524700e-05
2.031858821283094585e-05
