5.154377222061157227e-01
9.005755186080932617e-01
7.056533694267272949e-01
3.682253360748291016e-01
3.377893567085266113e-01
7.881491184234619141e-01
6.936532258987426758e-01
6.099134087562561035e-01
8.231831789016723633e-01
6.854164600372314453e-01
6.051212549209594727e-01
6.664512157440185547e-01
7.851764559745788574e-01
5.379959344863891602e-01
6.117130517959594727e-01
5.830439925193786621e-01
9.586716890335083008e-01
7.912749052047729492e-01
9.298872947692871094e-01
9.141474962234497070e-01
8.218562602996826172e-01
8.955823779106140137e-01
9.151897430419921875e-01
6.471141576766967773e-01
9.384415149688720703e-01
9.083299040794372559e-01
8.540319204330444336e-01
8.437992334365844727e-01
9.294199943542480469e-01
5.498608946800231934e-01
7.728649973869323730e-01
9.984911084175109863e-01
5.942105874419212341e-02
9.519724249839782715e-01
7.008204460144042969e-01
7.610526084899902344e-01
7.071411013603210449e-01
9.607963562011718750e-01
9.390200376510620117e-01
6.595892906188964844e-01
9.812564849853515625e-01
9.762921929359436035e-01
9.252790212631225586e-01
8.115828037261962891e-01
4.912330508232116699e-01
9.368860721588134766e-01
9.772269725799560547e-01
5.529700517654418945e-01
9.688171744346618652e-01
5.253885984420776367e-01
9.104025959968566895e-01
5.136269330978393555e-01
5.761853456497192383e-01
4.141038656234741211e-01
9.054354429244995117e-01
8.777018785476684570e-01
6.065803766250610352e-01
9.393861293792724609e-01
9.724723100662231445e-01
7.535905838012695312e-01
1.989533603191375732e-01
9.297292232513427734e-01
9.635823965072631836e-01
9.941915273666381836e-01
9.608576297760009766e-01
9.725445508956909180e-01
9.914703369140625000e-01
8.583102822303771973e-01
9.838260412216186523e-01
7.728667259216308594e-01
9.820226430892944336e-01
9.683733582496643066e-01
8.984136581420898438e-01
7.825112938880920410e-01
9.888542294502258301e-01
2.566621899604797363e-01
9.846385717391967773e-01
9.874826669692993164e-01
9.194772839546203613e-01
6.298449039459228516e-01
9.514831304550170898e-01
9.335037469863891602e-01
9.671591520309448242e-01
6.029568910598754883e-01
9.635485410690307617e-01
6.274135112762451172e-01
4.750706851482391357e-01
8.815497159957885742e-01
8.754167556762695312e-01
9.738199710845947266e-01
7.475085854530334473e-01
8.794595003128051758e-01
7.299098968505859375e-01
9.202150106430053711e-01
9.784020781517028809e-01
3.640237450599670410e-01
9.909833669662475586e-01
9.963624477386474609e-01
9.976190924644470215e-01
9.724199771881103516e-01
2.253180369734764099e-03
8.366767168045043945e-01
6.471713781356811523e-01
9.792647361755371094e-01
9.832083582878112793e-01
9.425879716873168945e-01
9.881221055984497070e-01
7.249840497970581055e-01
9.808552861213684082e-01
9.755861759185791016e-01
9.756904840469360352e-01
9.057462215423583984e-01
6.491883993148803711e-01
9.901022911071777344e-01
8.026369810104370117e-01
9.316783547401428223e-01
9.787644147872924805e-01
5.939155817031860352e-01
9.911757707595825195e-01
8.995308279991149902e-01
9.620513319969177246e-01
9.740864038467407227e-01
7.831113934516906738e-01
9.131084680557250977e-01
9.145675301551818848e-01
9.802673459053039551e-01
8.154477477073669434e-01
9.712960720062255859e-01
9.819769859313964844e-01
8.755338788032531738e-01
9.870873689651489258e-01
9.932401180267333984e-01
5.661402940750122070e-01
9.890826940536499023e-01
9.812357425689697266e-01
7.970525026321411133e-01
9.894818663597106934e-01
9.939441680908203125e-01
9.241557121276855469e-01
8.269365429878234863e-01
8.974528312683105469e-01
8.453850150108337402e-01
8.285330533981323242e-01
8.776874542236328125e-01
8.024304509162902832e-01
9.304304122924804688e-01
9.918044805526733398e-01
9.674452543258666992e-01
9.888097047805786133e-01
9.994379281997680664e-01
9.919388294219970703e-01
9.979622364044189453e-01
7.751338928937911987e-02
9.840247631072998047e-01
9.889379143714904785e-01
6.996167302131652832e-01
9.665638804435729980e-01
9.632855057716369629e-01
7.462714910507202148e-01
8.761216998100280762e-01
9.918249845504760742e-01
9.957348704338073730e-01
2.270139248139457777e-06
9.638862609863281250e-01
9.793912172317504883e-01
3.834256231784820557e-01
9.984611272811889648e-01
8.531870841979980469e-01
8.893880248069763184e-01
9.888423681259155273e-01
9.931323528289794922e-01
8.277325630187988281e-01
9.957277178764343262e-01
4.115222509426530451e-06
7.739203572273254395e-01
9.944069981575012207e-01
9.870071411132812500e-01
6.007519364356994629e-01
9.216099977493286133e-01
9.509314298629760742e-01
9.880292415618896484e-01
9.703167676925659180e-01
9.575880765914916992e-01
9.971699118614196777e-01
9.898161888122558594e-01
6.834971904754638672e-01
5.054636597633361816e-01
9.962466955184936523e-01
9.515109062194824219e-01
9.481405019760131836e-01
9.877456426620483398e-01
9.870492219924926758e-01
9.749686717987060547e-01
9.929563999176025391e-01
8.670022487640380859e-01
9.933362007141113281e-01
7.611688971519470215e-01
9.903880357742309570e-01
9.130163788795471191e-01
9.353548288345336914e-01
9.903293251991271973e-01
9.943847656250000000e-01
7.511427402496337891e-01
9.953327775001525879e-01
9.318251609802246094e-01
9.910030364990234375e-01
7.407377362251281738e-01
9.656668901443481445e-01
9.984312057495117188e-01
8.960878849029541016e-01
9.302649497985839844e-01
7.278009653091430664e-01
9.789996743202209473e-01
9.892141819000244141e-01
9.569084644317626953e-01
9.909873008728027344e-01
9.836335182189941406e-01
8.056755065917968750e-01
9.296564459800720215e-01
9.686088562011718750e-01
7.734928131103515625e-01
9.948646426200866699e-01
9.989165663719177246e-01
9.123805761337280273e-01
9.896748065948486328e-01
9.965144395828247070e-01
9.970439672470092773e-01
9.798816442489624023e-01
9.956781864166259766e-01
8.863117694854736328e-01
7.673748135566711426e-01
9.876704812049865723e-01
9.263073205947875977e-01
9.270658493041992188e-01
9.964364767074584961e-01
6.270743012428283691e-01
9.734591245651245117e-01
9.138896465301513672e-01
9.979610443115234375e-01
6.232367753982543945e-01
2.473714947700500488e-01
8.690617084503173828e-01
9.748956561088562012e-01
9.973785877227783203e-01
6.166356205940246582e-01
9.872534275054931641e-01
9.546632170677185059e-01
9.960480928421020508e-01
9.799700379371643066e-01
9.977453947067260742e-01
7.677021026611328125e-01
9.678506851196289062e-01
9.932572245597839355e-01
9.992171525955200195e-01
9.355718493461608887e-01
9.807770848274230957e-01
9.993854165077209473e-01
9.777258634567260742e-01
2.830936573445796967e-03
9.881294369697570801e-01
9.966378211975097656e-01
9.487937688827514648e-01
9.887243509292602539e-01
1.493113338947296143e-01
9.046838283538818359e-01
9.271114468574523926e-01
9.967625141143798828e-01
7.791782617568969727e-01
9.539879560470581055e-01
9.929117560386657715e-01
9.966613054275512695e-01
6.177244186401367188e-01
9.893002510070800781e-01
9.970448017120361328e-01
9.844009876251220703e-01
9.890368580818176270e-01
9.984409213066101074e-01
4.261905252933502197e-01
6.987423896789550781e-01
6.915171146392822266e-01
9.793624877929687500e-01
9.802440404891967773e-01
9.963434338569641113e-01
6.933633089065551758e-01
8.438350558280944824e-01
9.965656995773315430e-01
9.985225200653076172e-01
9.923961758613586426e-01
9.773645401000976562e-01
9.883879423141479492e-01
9.990661144256591797e-01
9.651548266410827637e-01
9.961138963699340820e-01
9.863535165786743164e-01
9.995287060737609863e-01
4.840511679649353027e-01
8.438478708267211914e-01
9.951875805854797363e-01
8.940889835357666016e-01
7.620247602462768555e-01
9.940097332000732422e-01
9.897419810295104980e-01
9.877166748046875000e-01
8.882770538330078125e-01
9.887465238571166992e-01
9.986149072647094727e-01
9.723576307296752930e-01
9.708620905876159668e-01
9.479294419288635254e-01
9.907016158103942871e-01
9.932914972305297852e-01
9.964298009872436523e-01
9.959586858749389648e-01
9.967173337936401367e-01
4.887499511241912842e-01
9.545877575874328613e-01
9.923250079154968262e-01
9.983730912208557129e-01
8.974498510360717773e-01
9.892982840538024902e-01
9.367530941963195801e-01
9.967917203903198242e-01
9.973972439765930176e-01
9.980531930923461914e-01
9.407065510749816895e-01
9.985430240631103516e-01
6.670063734054565430e-01
6.765042543411254883e-01
6.499415636062622070e-01
9.793162941932678223e-01
9.950954914093017578e-01
9.876445531845092773e-01
9.903400540351867676e-01
9.980956315994262695e-01
9.108649492263793945e-01
8.951005935668945312e-01
9.462332725524902344e-01
9.589554667472839355e-01
9.961246848106384277e-01
7.464522719383239746e-01
9.727897047996520996e-01
9.710127115249633789e-01
9.960546493530273438e-01
9.949842691421508789e-01
9.967547655105590820e-01
8.868691921234130859e-01
9.832432866096496582e-01
9.975185990333557129e-01
9.945511817932128906e-01
8.632146120071411133e-01
9.095871448516845703e-01
7.236015796661376953e-01
9.947599768638610840e-01
9.947898983955383301e-01
9.243538379669189453e-01
9.920573830604553223e-01
9.775122404098510742e-01
9.976913928985595703e-01
9.985786080360412598e-01
8.263332843780517578e-01
8.718004226684570312e-01
9.866570234298706055e-01
9.992427229881286621e-01
9.997458457946777344e-01
9.998868703842163086e-01
9.999322295188903809e-01
9.999960660934448242e-01
9.999818801879882812e-01
9.999991655349731445e-01
9.999942779541015625e-01
