2.329595327377319336e+00
1.427658051252365112e-01
5.658533424139022827e-02
5.482681840658187866e-02
1.025633811950683594e-01
8.166618645191192627e-02
2.425656467676162720e-02
4.972264170646667480e-03
6.665840744972229004e-03
2.673543989658355713e-03
1.884877681732177734e-03
2.857024967670440674e-02
1.084695756435394287e-02
2.714397758245468140e-02
9.603753685951232910e-03
9.150356054306030273e-04
3.169432282447814941e-03
4.815527796745300293e-02
6.975084543228149414e-04
1.432787030935287476e-01
3.255099058151245117e-03
6.407850980758666992e-02
6.547127664089202881e-02
2.701392769813537598e-02
6.063908338546752930e-03
2.726778388023376465e-03
3.104910254478454590e-03
3.413900732994079590e-02
4.359751939773559570e-03
5.496516823768615723e-04
5.705654621124267578e-04
4.769195616245269775e-02
4.203021526336669922e-04
7.472336292266845703e-04
2.917627245187759399e-02
3.551542758941650391e-04
9.000748395919799805e-04
2.176702022552490234e-03
1.124298572540283203e-02
2.792462706565856934e-03
7.324367761611938477e-04
7.307529449462890625e-04
2.564340829849243164e-04
1.061099767684936523e-02
3.108829259872436523e-04
2.357512712478637695e-04
5.570314824581146240e-02
1.379519701004028320e-02
2.076476812362670898e-04
3.621280193328857422e-04
7.174909114837646484e-04
2.327188849449157715e-03
1.026734709739685059e-03
3.103534877300262451e-02
6.589502096176147461e-03
1.663601398468017578e-02
8.102744817733764648e-03
2.410709857940673828e-04
9.037554264068603516e-05
9.213387966156005859e-05
3.024399280548095703e-03
7.632374763488769531e-05
2.361744642257690430e-03
1.999273896217346191e-03
2.040132880210876465e-03
1.957932114601135254e-02
8.400484919548034668e-03
5.156844854354858398e-04
2.639293670654296875e-04
1.180227100849151611e-02
9.499490261077880859e-05
1.364052295684814453e-04
1.671910285949707031e-05
1.598894596099853516e-05
5.540251731872558594e-05
6.902373582124710083e-02
2.632290124893188477e-04
1.387596130371093750e-04
7.400864362716674805e-02
5.986243486404418945e-04
7.241889834403991699e-03
7.933309674263000488e-02
5.634129047393798828e-05
5.668401718139648438e-05
5.537718534469604492e-04
3.567934036254882812e-04
6.774246692657470703e-03
4.958212375640869141e-04
1.886561512947082520e-03
2.458393573760986328e-04
2.424536645412445068e-02
3.474950790405273438e-05
2.764841914176940918e-02
1.807874888181686401e-01
4.601478576660156250e-04
4.924684762954711914e-03
3.009438514709472656e-04
6.987154483795166016e-05
8.851289749145507812e-05
9.630620479583740234e-05
1.846939325332641602e-03
8.170399069786071777e-02
3.657549619674682617e-03
1.343637704849243164e-04
3.558397293090820312e-05
3.781914710998535156e-05
2.096116542816162109e-03
4.863739013671875000e-05
1.222714781761169434e-02
3.606379032135009766e-04
3.047287464141845703e-05
6.716966629028320312e-03
1.700967550277709961e-04
7.557123899459838867e-04
1.969304680824279785e-02
1.659378409385681152e-03
1.818051934242248535e-02
4.895329475402832031e-04
2.432852983474731445e-03
1.184120774269104004e-03
1.983344554901123047e-05
1.099012792110443115e-03
6.837162375450134277e-02
9.958595037460327148e-04
9.588897228240966797e-05
2.428889274597167969e-06
5.182623863220214844e-05
1.453310251235961914e-04
1.586824655532836914e-04
6.143301725387573242e-04
2.129137516021728516e-03
4.425644874572753906e-06
3.145039081573486328e-04
1.475214958190917969e-05
2.361834049224853516e-04
2.149313688278198242e-03
1.213550567626953125e-04
2.497434616088867188e-05
8.106231689453125000e-06
3.767013549804687500e-05
2.390593290328979492e-04
7.881820201873779297e-04
2.005994319915771484e-04
1.234859228134155273e-04
2.786517143249511719e-06
6.225705146789550781e-05
7.234588265419006348e-03
1.221448183059692383e-04
3.853738307952880859e-04
3.432488441467285156e-02
1.731514930725097656e-04
1.182556152343750000e-04
1.016855239868164062e-04
6.425082683563232422e-04
8.093416690826416016e-04
1.118183135986328125e-04
5.930662155151367188e-05
2.284049987792968750e-04
7.730722427368164062e-05
9.960830211639404297e-04
8.389353752136230469e-06
1.212894916534423828e-03
6.659656763076782227e-03
4.941001534461975098e-03
1.242756843566894531e-05
1.417614519596099854e-03
3.516972064971923828e-04
1.440420746803283691e-03
3.665506839752197266e-03
5.535781383514404297e-05
2.965927124023437500e-04
1.874715089797973633e-04
6.163120269775390625e-05
5.612522363662719727e-04
1.342288404703140259e-02
2.920627593994140625e-05
1.344233751296997070e-04
1.837313175201416016e-05
3.805756568908691406e-05
6.689876317977905273e-04
1.782327890396118164e-04
5.481252074241638184e-02
5.915760993957519531e-06
3.499284386634826660e-03
5.246698856353759766e-05
1.353174448013305664e-04
4.149973392486572266e-05
2.082288265228271484e-04
3.330707550048828125e-04
6.043910980224609375e-05
2.674415707588195801e-03
3.874301910400390625e-06
1.005828380584716797e-04
8.183270692825317383e-04
2.677738666534423828e-05
9.842216968536376953e-05
2.221167087554931641e-04
2.966164052486419678e-02
4.383325576782226562e-04
7.777661085128784180e-04
3.018081188201904297e-03
5.185604095458984375e-05
3.159046173095703125e-06
3.434717655181884766e-05
2.122953534126281738e-03
2.985149621963500977e-04
6.844103336334228516e-05
4.540860652923583984e-03
4.678964614868164062e-05
2.403557300567626953e-05
1.670420169830322266e-05
6.847351789474487305e-03
3.230571746826171875e-05
4.722177982330322266e-05
3.439173102378845215e-03
1.093403995037078857e-02
2.533793449401855469e-04
3.774464130401611328e-05
1.693055033683776855e-03
1.330673694610595703e-04
7.724761962890625000e-05
8.198469877243041992e-04
2.615451812744140625e-04
2.725720405578613281e-04
2.472460269927978516e-03
2.642869949340820312e-04
7.271766662597656250e-06
1.932680606842041016e-04
1.135468482971191406e-05
7.196485996246337891e-03
4.078745841979980469e-04
6.128847599029541016e-05
2.177327871322631836e-03
1.473233103752136230e-03
4.831403493881225586e-04
2.332970499992370605e-03
1.073226332664489746e-03
8.328855037689208984e-04
2.234131097793579102e-04
1.305341720581054688e-05
1.822045445442199707e-02
4.880130290985107422e-04
9.310096502304077148e-04
7.286667823791503906e-06
4.294514656066894531e-05
4.971176385879516602e-04
8.563324809074401855e-04
4.042685031890869141e-05
4.585087299346923828e-05
3.868341445922851562e-05
1.691281795501708984e-05
1.029968261718750000e-04
1.326411962509155273e-03
1.325011253356933594e-04
1.434710621833801270e-02
4.038214683532714844e-06
2.369880676269531250e-04
3.281235694885253906e-05
4.196166992187500000e-05
3.156810998916625977e-04
3.524124622344970703e-05
8.257329463958740234e-04
2.350628376007080078e-03
2.917647361755371094e-05
3.437697887420654297e-05
5.617737770080566406e-06
1.250207424163818359e-05
2.138316631317138672e-05
1.597106456756591797e-04
3.308057785034179688e-06
4.282593727111816406e-05
6.975724548101425171e-02
4.026293754577636719e-05
2.585470676422119141e-03
2.244412899017333984e-03
3.068149089813232422e-04
5.945563316345214844e-06
4.839599132537841797e-04
7.361173629760742188e-05
1.063793897628784180e-04
2.739131450653076172e-04
8.594989776611328125e-05
3.892630338668823242e-04
2.904236316680908203e-05
4.897633194923400879e-02
2.741813659667968750e-06
1.573562622070312500e-04
1.601874828338623047e-05
2.842247486114501953e-04
4.827976226806640625e-06
1.829247176647186279e-02
1.847743988037109375e-05
1.331132650375366211e-02
1.351833343505859375e-04
1.470297574996948242e-04
2.997338771820068359e-03
3.549218177795410156e-03
1.153200864791870117e-04
3.153085708618164062e-05
9.852647781372070312e-05
1.266598701477050781e-06
1.983076333999633789e-03
1.490503549575805664e-03
1.240625977516174316e-03
2.652779221534729004e-03
8.955597877502441406e-06
6.097555160522460938e-05
4.348158836364746094e-04
6.172060966491699219e-05
8.809566497802734375e-05
1.138448715209960938e-05
4.385262727737426758e-03
2.691149711608886719e-04
1.788139343261718750e-07
8.846275508403778076e-03
8.823722600936889648e-04
7.362663745880126953e-05
2.510309219360351562e-03
8.194893598556518555e-04
1.633447408676147461e-02
9.089708328247070312e-06
6.589293479919433594e-05
1.111179590225219727e-04
2.717971801757812500e-05
2.655649185180664062e-02
6.917268037796020508e-04
2.151727676391601562e-05
6.040930747985839844e-05
6.558120250701904297e-03
1.536771655082702637e-03
2.022087574005126953e-05
4.154443740844726562e-05
1.071393489837646484e-05
3.064274787902832031e-04
3.880791366100311279e-03
7.897615432739257812e-06
1.713633537292480469e-06
3.547221422195434570e-04
1.257613301277160645e-03
4.636585712432861328e-03
7.478892803192138672e-05
2.503395080566406250e-06
9.466707706451416016e-05
8.618369698524475098e-03
8.073747158050537109e-04
2.256184816360473633e-04
7.286667823791503906e-06
8.797645568847656250e-05
2.358853816986083984e-05
1.996755599975585938e-06
3.706812858581542969e-04
1.513548195362091064e-03
7.201880216598510742e-04
2.120435237884521484e-05
1.013725996017456055e-04
6.268918514251708984e-05
1.002252101898193359e-04
5.638599395751953125e-05
1.579964160919189453e-02
5.637630820274353027e-03
1.421570777893066406e-05
1.181811094284057617e-04
1.414083242416381836e-01
1.719262897968292236e-01
1.029396802186965942e-02
7.472058534622192383e-01
1.316538453102111816e-02
3.255464136600494385e-03
5.203216150403022766e-02
8.941949158906936646e-02
