1.820823431015014648e+00
1.572645187377929688e+00
1.474135637283325195e+00
1.394248723983764648e+00
1.376503229141235352e+00
1.345226049423217773e+00
1.348503828048706055e+00
1.410646080970764160e+00
1.408642292022705078e+00
1.351631164550781250e+00
1.412059187889099121e+00
1.359791755676269531e+00
1.525438666343688965e+00
1.395714044570922852e+00
1.560396909713745117e+00
1.401881217956542969e+00
1.406525373458862305e+00
1.408750176429748535e+00
1.462957382202148438e+00
1.399722218513488770e+00
1.414528608322143555e+00
1.354799747467041016e+00
1.367283463478088379e+00
1.289049386978149414e+00
1.289820194244384766e+00
1.439296245574951172e+00
1.441972494125366211e+00
1.442057609558105469e+00
1.391916513442993164e+00
1.307734966278076172e+00
1.407211422920227051e+00
1.381037473678588867e+00
1.422985434532165527e+00
1.398879885673522949e+00
1.311988472938537598e+00
1.350988030433654785e+00
1.332426071166992188e+00
1.385036110877990723e+00
1.298525094985961914e+00
1.353316783905029297e+00
1.365459322929382324e+00
1.411694288253784180e+00
1.276669025421142578e+00
1.384770512580871582e+00
1.368122458457946777e+00
1.390869855880737305e+00
1.417067408561706543e+00
1.393938183784484863e+00
1.272042751312255859e+00
1.395180463790893555e+00
1.362927198410034180e+00
1.309150457382202148e+00
1.340489864349365234e+00
1.453243017196655273e+00
1.427036046981811523e+00
1.469922780990600586e+00
1.434814810752868652e+00
1.421088457107543945e+00
1.350241303443908691e+00
1.306125640869140625e+00
1.339025974273681641e+00
1.289877057075500488e+00
1.361979722976684570e+00
1.426314711570739746e+00
1.303219079971313477e+00
1.426950931549072266e+00
1.431977987289428711e+00
1.354254961013793945e+00
1.459433078765869141e+00
1.310565710067749023e+00
1.216956734657287598e+00
1.312648653984069824e+00
1.289576530456542969e+00
1.434995412826538086e+00
1.203825354576110840e+00
1.234451293945312500e+00
1.315745115280151367e+00
1.134222507476806641e+00
1.330621242523193359e+00
1.345208287239074707e+00
1.238739728927612305e+00
1.328038692474365234e+00
1.375851035118103027e+00
1.389365315437316895e+00
1.520626425743103027e+00
1.225483655929565430e+00
1.318565607070922852e+00
1.327027559280395508e+00
1.167077422142028809e+00
1.188759326934814453e+00
1.038929462432861328e+00
1.212579011917114258e+00
1.066501617431640625e+00
1.102210760116577148e+00
1.401815772056579590e+00
1.041957616806030273e+00
9.879900217056274414e-01
9.606751203536987305e-01
1.198366165161132812e+00
9.160081148147583008e-01
