9.364750862121582031e+00
1.653007745742797852e+00
8.031530976295471191e-01
9.498896598815917969e-01
7.195021510124206543e-01
7.806073427200317383e-01
7.560700178146362305e-01
6.665546894073486328e-01
9.889110922813415527e-01
6.901345252990722656e-01
7.685084939002990723e-01
8.597302436828613281e-01
5.872022509574890137e-01
8.644901514053344727e-01
5.692321062088012695e-01
8.151442408561706543e-01
8.243262767791748047e-01
7.288846373558044434e-01
6.663981080055236816e-01
8.631672859191894531e-01
8.240090608596801758e-01
7.222517728805541992e-01
7.317113280296325684e-01
9.099787473678588867e-01
8.612156510353088379e-01
9.389423131942749023e-01
9.710393548011779785e-01
6.834565401077270508e-01
9.635658860206604004e-01
9.695689678192138672e-01
6.713680624961853027e-01
8.569726943969726562e-01
7.485398054122924805e-01
7.411221265792846680e-01
8.548861742019653320e-01
8.302501440048217773e-01
9.635670781135559082e-01
8.743553161621093750e-01
9.020218849182128906e-01
8.589828014373779297e-01
8.781024217605590820e-01
9.421564340591430664e-01
9.786588549613952637e-01
8.578113317489624023e-01
8.147583603858947754e-01
1.298836708068847656e+00
7.479982376098632812e-01
1.078067898750305176e+00
8.887724280357360840e-01
8.611257672309875488e-01
7.788004279136657715e-01
6.024051904678344727e-01
1.089353442192077637e+00
8.074268102645874023e-01
6.760778427124023438e-01
1.145529747009277344e+00
7.237775921821594238e-01
7.114125490188598633e-01
8.201019167900085449e-01
8.913540840148925781e-01
7.759596109390258789e-01
1.128001928329467773e+00
7.527129650115966797e-01
6.596978902816772461e-01
1.071518063545227051e+00
8.807994723320007324e-01
7.950543165206909180e-01
8.037197589874267578e-01
1.049424529075622559e+00
9.255681633949279785e-01
6.993399858474731445e-01
7.622643113136291504e-01
8.809229135513305664e-01
8.417503237724304199e-01
1.159501552581787109e+00
9.652238488197326660e-01
9.176471233367919922e-01
1.072291851043701172e+00
1.055541157722473145e+00
5.214790105819702148e-01
9.680715799331665039e-01
1.082786202430725098e+00
1.142562866210937500e+00
7.938476800918579102e-01
1.060032606124877930e+00
2.050184249877929688e+00
1.443495869636535645e+00
7.067803740501403809e-01
7.798936367034912109e-01
1.544955968856811523e+00
1.064131259918212891e+00
1.465450286865234375e+00
1.919382572174072266e+00
1.467162966728210449e+00
9.949411749839782715e-01
5.661047101020812988e-01
1.558368325233459473e+00
1.150181055068969727e+00
7.875918745994567871e-01
1.453121542930603027e+00
