6.766156554222106934e-01
6.256444454193115234e-01
4.452277421951293945e-01
5.307250618934631348e-01
4.820473194122314453e-01
4.975414276123046875e-01
3.778735101222991943e-01
4.405245184898376465e-01
5.616989135742187500e-01
4.230588674545288086e-01
4.706902503967285156e-01
4.870367050170898438e-01
4.124777615070343018e-01
4.658128321170806885e-01
3.221095800399780273e-01
5.089234113693237305e-01
5.157738924026489258e-01
5.038994550704956055e-01
4.470606446266174316e-01
4.913775324821472168e-01
5.125247836112976074e-01
4.598522782325744629e-01
4.814890623092651367e-01
4.871862530708312988e-01
5.005378723144531250e-01
5.494058728218078613e-01
5.632917881011962891e-01
4.847125411033630371e-01
5.242829322814941406e-01
5.201535224914550781e-01
4.700860381126403809e-01
5.465400815010070801e-01
4.838138222694396973e-01
4.257953166961669922e-01
4.854749739170074463e-01
5.048537254333496094e-01
4.990599751472473145e-01
5.158284902572631836e-01
5.240471363067626953e-01
5.046499967575073242e-01
5.006612539291381836e-01
5.657365322113037109e-01
4.935311377048492432e-01
5.173866152763366699e-01
4.598344564437866211e-01
5.849338173866271973e-01
4.813895523548126221e-01
5.675494670867919922e-01
4.685511589050292969e-01
5.341776609420776367e-01
4.399055540561676025e-01
3.801104426383972168e-01
5.355525016784667969e-01
4.909669458866119385e-01
4.460506439208984375e-01
6.201465129852294922e-01
3.442867398262023926e-01
5.069684982299804688e-01
4.600093364715576172e-01
3.936192989349365234e-01
4.269044399261474609e-01
5.007627010345458984e-01
4.621047973632812500e-01
3.603303432464599609e-01
4.971213042736053467e-01
5.074074268341064453e-01
4.803866147994995117e-01
5.169796943664550781e-01
6.237295866012573242e-01
4.344345033168792725e-01
3.457558751106262207e-01
5.096861720085144043e-01
4.637248516082763672e-01
6.046148538589477539e-01
4.571914672851562500e-01
4.474527835845947266e-01
4.181847274303436279e-01
4.414487481117248535e-01
5.097248554229736328e-01
3.105936050415039062e-01
4.350003600120544434e-01
4.591519832611083984e-01
5.509449243545532227e-01
3.945966064929962158e-01
7.045042514801025391e-01
5.747904181480407715e-01
5.575484037399291992e-01
4.135947227478027344e-01
3.352073132991790771e-01
5.044397115707397461e-01
3.099110424518585205e-01
4.614582955837249756e-01
5.281918644905090332e-01
4.455024003982543945e-01
3.059613704681396484e-01
1.979327201843261719e-01
3.829798102378845215e-01
3.773459792137145996e-01
1.906375437974929810e-01
3.772304356098175049e-01
