1.002470031380653381e-02
2.365066409111022949e-01
5.044548511505126953e-01
4.181434810161590576e-01
5.118710994720458984e-01
4.756599664688110352e-01
4.957274496555328369e-01
5.439255833625793457e-01
3.953293561935424805e-01
5.126671791076660156e-01
4.750362634658813477e-01
4.546920657157897949e-01
5.723323225975036621e-01
4.379058480262756348e-01
5.844128727912902832e-01
4.501691758632659912e-01
4.474354982376098633e-01
4.918378293514251709e-01
5.317971706390380859e-01
4.352730214595794678e-01
4.533225893974304199e-01
4.918094873428344727e-01
4.877453446388244629e-01
4.228610694408416748e-01
4.389101862907409668e-01
4.050394296646118164e-01
4.086003899574279785e-01
5.199329853057861328e-01
4.128765761852264404e-01
3.945114016532897949e-01
5.209548473358154297e-01
4.292347431182861328e-01
4.813173711299896240e-01
4.920196533203125000e-01
4.359806776046752930e-01
4.580267369747161865e-01
4.046737849712371826e-01
4.302464425563812256e-01
4.125679135322570801e-01
4.388512969017028809e-01
4.283085465431213379e-01
3.973022699356079102e-01
3.850162029266357422e-01
4.344422817230224609e-01
4.540481269359588623e-01
2.854468822479248047e-01
4.782831072807312012e-01
3.491865396499633789e-01
4.303717315196990967e-01
4.309664368629455566e-01
4.701700806617736816e-01
5.546325445175170898e-01
3.449265956878662109e-01
4.577952623367309570e-01
5.205117464065551758e-01
3.309414386749267578e-01
4.913675785064697266e-01
4.975936114788055420e-01
4.473368227481842041e-01
4.381735622882843018e-01
4.704727530479431152e-01
3.304641246795654297e-01
4.802125692367553711e-01
5.214266777038574219e-01
3.821845054626464844e-01
4.259136021137237549e-01
4.674989879131317139e-01
4.584607481956481934e-01
3.612090945243835449e-01
4.090037941932678223e-01
5.445312261581420898e-01
4.798002243041992188e-01
4.218409359455108643e-01
4.389933943748474121e-01
3.306645154953002930e-01
3.898050785064697266e-01
4.112585783004760742e-01
3.545169234275817871e-01
3.577844798564910889e-01
5.992341041564941406e-01
4.000530838966369629e-01
3.526113033294677734e-01
3.354834318161010742e-01
4.671736657619476318e-01
3.571821749210357666e-01
1.467511057853698730e-01
2.473588287830352783e-01
5.060034394264221191e-01
4.708303809165954590e-01
2.360413372516632080e-01
3.633646667003631592e-01
2.514964044094085693e-01
1.565409749746322632e-01
2.448269128799438477e-01
3.886784315109252930e-01
5.925985574722290039e-01
2.311405837535858154e-01
3.310761749744415283e-01
4.748247563838958740e-01
2.502168416976928711e-01
