6.307251453399658203e-01
6.418864727020263672e-01
4.448667466640472412e-01
5.655825138092041016e-01
5.183743238449096680e-01
5.398294925689697266e-01
4.345795512199401855e-01
4.467893242835998535e-01
6.001399159431457520e-01
4.629012346267700195e-01
4.807957410812377930e-01
5.188404321670532227e-01
4.112623631954193115e-01
4.830721020698547363e-01
3.274665474891662598e-01
5.174834728240966797e-01
5.194671750068664551e-01
5.087348222732543945e-01
4.405285716056823730e-01
5.037931203842163086e-01
5.152471065521240234e-01
4.933744072914123535e-01
5.025042295455932617e-01
5.665536522865295410e-01
5.731931924819946289e-01
5.499643087387084961e-01
5.666905641555786133e-01
4.882792830467224121e-01
5.547062158584594727e-01
5.893955230712890625e-01
4.810145497322082520e-01
5.667137503623962402e-01
4.807499349117279053e-01
4.493851661682128906e-01
5.375676155090332031e-01
5.435591340065002441e-01
5.457324981689453125e-01
5.411214828491210938e-01
5.853257775306701660e-01
5.345352292060852051e-01
5.279301404953002930e-01
5.723940134048461914e-01
5.734460949897766113e-01
5.354239940643310547e-01
4.806566238403320312e-01
6.224398612976074219e-01
4.829947054386138916e-01
5.936884880065917969e-01
5.444161891937255859e-01
5.492787361145019531e-01
4.705479145050048828e-01
4.474992752075195312e-01
5.809435248374938965e-01
4.820620417594909668e-01
4.489279985427856445e-01
6.188237071037292480e-01
3.731157183647155762e-01
5.071491003036499023e-01
4.938178658485412598e-01
4.590457081794738770e-01
4.703325033187866211e-01
5.652568340301513672e-01
4.952965080738067627e-01
3.835076689720153809e-01
5.534792542457580566e-01
5.052877664566040039e-01
4.891763925552368164e-01
5.535713434219360352e-01
6.438740491867065430e-01
4.912048578262329102e-01
4.668022096157073975e-01
5.694427490234375000e-01
5.308079123497009277e-01
6.250606775283813477e-01
5.762962102890014648e-01
5.454432964324951172e-01
4.783352017402648926e-01
5.982565283775329590e-01
5.597537755966186523e-01
3.947378993034362793e-01
5.313544273376464844e-01
5.138840675354003906e-01
5.947717428207397461e-01
4.347954392433166504e-01
7.803573608398437500e-01
7.396233081817626953e-01
6.363888978958129883e-01
4.770295619964599609e-01
4.939364492893218994e-01
6.532003879547119141e-01
5.341737270355224609e-01
5.961505174636840820e-01
7.572919726371765137e-01
6.277434825897216797e-01
3.846054077148437500e-01
4.741182327270507812e-01
6.332336068153381348e-01
6.403796672821044922e-01
4.074435830116271973e-01
6.755564212799072266e-01
