2.319272041320800781e+00
6.607912480831146240e-02
8.506914228200912476e-02
2.446186542510986328e-02
1.762436330318450928e-02
4.643768072128295898e-03
2.196897566318511963e-02
4.555070400238037109e-02
1.898293942213058472e-02
5.585439503192901611e-03
1.826658844947814941e-03
5.822036415338516235e-02
1.851797103881835938e-03
6.918065249919891357e-03
6.029561161994934082e-03
1.289710402488708496e-03
3.989599645137786865e-03
2.556316554546356201e-03
1.642962545156478882e-02
9.296432137489318848e-03
1.367377489805221558e-02
2.449735999107360840e-03
2.510026097297668457e-03
1.228198409080505371e-03
1.904666423797607422e-03
1.336485147476196289e-03
4.745596647262573242e-02
5.545251071453094482e-03
3.720692545175552368e-02
9.860634803771972656e-03
2.055302262306213379e-03
3.268867731094360352e-04
3.868475556373596191e-03
7.891774177551269531e-03
2.322688698768615723e-03
2.092894911766052246e-02
3.445990383625030518e-02
1.719802618026733398e-03
5.195349454879760742e-03
1.672610640525817871e-02
5.611971020698547363e-03
6.328746676445007324e-03
7.623434066772460938e-04
1.244440674781799316e-03
1.424662768840789795e-02
7.580310106277465820e-03
9.636580944061279297e-04
2.261057496070861816e-03
2.849282324314117432e-02
5.351319909095764160e-03
8.849263191223144531e-03
1.873224973678588867e-03
1.215040683746337891e-04
5.909949541091918945e-03
7.704645395278930664e-03
2.001671493053436279e-02
6.422847509384155273e-04
4.035532474517822266e-04
7.955729961395263672e-05
5.257713049650192261e-02
2.798438072204589844e-05
1.261785626411437988e-03
2.783253788948059082e-03
1.188665628433227539e-04
8.871787041425704956e-02
1.232817769050598145e-03
2.050191164016723633e-03
2.335801720619201660e-03
3.080368041992187500e-04
5.444586277008056641e-03
7.585498690605163574e-02
1.333039999008178711e-02
6.256997585296630859e-05
9.816884994506835938e-05
8.726999163627624512e-03
6.279349327087402344e-04
7.580220699310302734e-05
4.677623510360717773e-04
5.093812942504882812e-04
1.863539218902587891e-04
1.853406429290771484e-02
6.005167961120605469e-05
9.733438491821289062e-05
9.859770536422729492e-03
2.256423234939575195e-03
4.552662372589111328e-03
5.343645811080932617e-03
1.861169934272766113e-03
2.646476030349731445e-03
4.293161630630493164e-02
2.477169036865234375e-04
6.522685289382934570e-04
2.667307853698730469e-04
1.259773969650268555e-03
3.252923488616943359e-05
3.697097301483154297e-03
1.164764165878295898e-03
1.119375228881835938e-04
1.405030488967895508e-04
1.404866576194763184e-03
